
a =

   1.0e+03 *

    2.0140    0.0120    0.0180    0.0130    0.0350    0.0476

