
a =

   1.0e+03 *

    2.0140    0.0120    0.0180    0.0140    0.0340    0.0063

